κ01011111.Ρ111οτ.“

εἶῖῐῖωψΜ 10111

1 ’11 Ι Ι ΙΙ . .- .μ *qu- -υ-ιΙι-ι-ιη-πι- -ᾑ-

’Ῑ15 0 01600170 018 0 019 01010 0 01100
1 ,21¹⁰ 51 491115 011 571111591111511 54114 5 4551445 56
510 59 5111 115011· 5 ,9114749115 50181415· 7514 55 47

-n-—n-ss-u--n'u--m--n———n--u--nm

¹210 46 5111 50 01118 712561513 591114Η 80518 51 ⁵7
5ff0ss54u31312u 6n 41¹⁵ss¹2“³¹ssst5“²⁸
019-0561145 012 29 41515 71557111441151515 ¹9

m—-fflffluwss--a--utm

51157 ’4151154144 6 6514 50 57115 55 9
12 7 5088 ἕξ 581} 88161888 52¹1} ζ1ἰξξξῖἑ 5?
ἴδη 19 411 15, 015 05615 46 5114 51 υἷι-8745516 441
5541156 611 115015 8 5415 55 191441 4515 18 751614 51
’ 551-4-4547 114-50-,0-15 16 5114 5 451-4-53-5755-57-5011614 11
Ζῐῖυςο911910911914υ11η11μ116116149
ε 14¹¹ 57111145 01551 491410 5715 817415 56 15516 44 4
0 η11411υ116116479114η17911117611μ,

ΞῐῑῖἾῗῧ11ο οη1891ἷῇἶῖὗῖἴῧῇῗῆἶὴ711ἢ
ἓ 17:1218 1715 75015 56451445 5615 55 951614111715 56’ ι
⁰1W²½JEELLRW 4ffiu14ssu444w330ffi23½1

Ο ...ιι- -ιω-αι--ι-ι-ῇ--α-ι--ι-ι-ι-η--μ-ιι

ἃ59115111151150141159151491551581645 73'173317
0 2012 59 11 15 50 01410 5715 11 1516 15116 51 5017 45 75
(0 55111461415 57 501418 5615 1944116 1047117 1 51175158
m

Ε ’1191155161545 014 56 5415-18 716194117111518-1-491
,ἓιῇῃ 018911614911916616615911918υο4
. Ξ 24113 73014 0 01451 5015 45 016 57 5017 50 0518115οἰ
’Ξέἓὲ 88ξῖ 1415 015 81616 15116 55 1917 48 4518 41 11

17ξ15185614115015161416101917 4151758 718 51 1

*ἏῇῃρΜψῄμψᾋᾘ

691918911οὶῑη116189179<υ81119 ιμ“
19115415951457 501551111617111711 1181651191145,
m13w41u45015m19½35w17w56ffi26½19n34

31u56½14ss30u48w16u 4w39ss18n37m31u
szu 16151 16169169119136189 19419
3 75016 41517 05617 575918 541119 51 6

515 016111117 91118 65419 54510056
5115 22 5019 20 91717491815181915 71010 47
. 51815 50 01618 7171615181411191150101057

*wa-*mm*

541557 501656 617 544118 55 1719 51 5110 5018
561545 01644 Ι01745 718 42 11'1941 15104019 ’5
6539511169 17116189 19119119 9
¹5 0 016 0017 01018 0 019 0 0100 011 0 0

 

