, 61·96917“91-90184119;

¹24525 2⁶·

-Δ--ιι--ι--ι-ιι--ι--υ-α-ι-ι--ῌ--ῄω-

011101110113011101911011101911ί

1

616 11116111611171618111411 117194141111141

7168114117 4.111743,411311 17

816 90 offl'w 18 49 0919 90 0

’51640191719471811191896491941111017991119 7

901690 9717 96 9418 11 9019 81619 94 111040 1911 16 15 ,

1117 096174711Ξ18 99 491910 910 69410 91 98 199 22¹

1217 11 1517 58 7218 45 019 91 9110 18 45 21 9 97119190

'Z {3313‘2'1‘3'418 45421131‘33'19 41 1611 161611 18 17

Ξ {14117 91 5218 19 418919 Ι7 9019 55 191049 711 90 9611 18 49

Ε8191174111189018119184910 7111099 191149 96119191
¹ 819 90 010 18 4911 7901196191149 0

117-πῆς 14 ,ἿῇῑῑῑῖΠῖ-ῑῆῖ

‘0' '18'18 19 719 1498199190104111119191111194191119

β 11918 44 419 99 9110161911171111 81611991999990 37

{22518 94 11 1949496910 97 9011 19 411 10 9719 11 1114 9 49
1919 44119 96 49110 48 49 11 40 4711 91 4919 14 91 14 16 91

ἓ 1481919 010 790811 0 01191901149

971019 41111 9011 19 9619 91114 14914 96 19
171949 961099 51‘21 99 491117 99119 1194141918 ,

μ · 1819961910908781149 011991119 99491418 7191190

ῑῖᾆῖὅ-ἷῇ 11 ’1 1481196191191 619 49 9614 40 47
99010169111111111 79019 14919 98 7 ’
19110171111119811184919149114101919
,911097 9011 99 491190 019 16 19 14 11· 901

—fflufflffl

911164741114411114111111718

941098 71199191191901949411446911944 4164119
11118161166111411411414114111641
961118491116911919 014197

971119 41117991916191414911919161611 1171097
. 18111111111316111711141614111117161441171141

0⁸ . 991149 4111491919 48491448 17194749164711 174691

4011 0 019 0 014 o* 025 0 026 0 017 0 0180 0 ·

 

