LmR Pmmvs. 31* -

a*

oesG M Sffimffiffiffiffl

.- n-a—--n-D-fflmffl—--flss

,564 0 064 0 066 0 067 0 068 0 069 0 070 0 0
445 0 045 44444644 4447 6544743 4543 50 5645 45 7.
545 50 046 12 554655 4547 57 5543 40 5745 5 4745 45 564

'UT-<346 45 7ἶῖῙ6ἶ543 544ἷ3”5”4”5“645,55 5750 4345
546 50 047 45 564757 4443404745 444450 753 054 54
,647 0047 44 445-,4374433445 56 45504045 4

” 747 40 ,048 54 4548 49 449 44 4640 58 745 55 49 547

2135030 05117'2152 4454444, 2
51451 0 0544574554 55 5755 45 26 1
8455450 05443 4755 65455 5454 445 755 55 24

{17537'0‘332 46 4555 57 50 *Ἴ 56”’5“’“ 654 50
4574540 044 595444 826 546446
443355 0 05349 4¹¹54 39 ²2 447 8

*ᾞᾞἈᾘ-*ἢ-ΜᾞΜ

g-1953 40 044150 9344 50 5946 ·0 2¹ 7404758 59 56

55454 40 055 21 4³56 12 5546 317* 4 48 44 584946-44

ι
- ᾔ* -n— m ...pau—u- uonan—...u- ῃ*

4444054 0 05450 5755 44 4556545 4 345 755 545
04

¹ 55 0 055 54 5456 45 757 54 4453 46 45 55 47 4560 544
5545444 40, 046 22 257 54 448 6 6448 48 749 40 960 42 11
85446 0 046 45 4047 44 048 474049 40 06055 4065 15 0

*un—u—q--m-——ffl-m——u-q-un———a—--ffl-n-

52556 40 0 47 45 4848 54 4649 8 5460· 1 5260 44 4565 47 49

x 4 2657 0 057 55 46453 46 5259 40 1960 44 4465 57 5565 50 47
’“ HQ'Q59174960114361 5 3761 49 μω

28 8 ................... ““““““3“““““’““

53 54445543 45 60 45 764 57 50 64 54 54 65· 46 45

Ι

0
40 049 544560 59 4565 54 4565 95564 45464 49 4

4 4549, 40 060 54 47465 55 4465 57 5564 54 764 84464. 445
4560 0 060 46 5465 45 4065 48 44 64 44 0
3360 40 065 56 448

3⁸⁶3 0 064 49 464 48 764 4755 66 46· 54 67 44 5968 44 55·
39464 40 064 59 4564 59 4566'28 ,461674 58 76857 4969 57 55 ’
4064 0 064 0 066 0 0f67 0 0680 0690 070 0 0

 

