⁰ 12

,51741'05624150 4

’ «ι -50 51

Parffi... ..M-{mm}

ww

——flfl--n-——u- -ι-ιιιι-ιι--ι

50 0 0510 05² 0 953 0 054

“ 1365144147 41747414141 4ο 184414 444 47 4440

⁶3 737 27 1138 11 1538 55 1939 39 2240 23 '2641 730

747 64447 41 646 44 4744 20 440 44 4140.
837⁶-30 04314 039 0 039 45 040'30 041115 οι
10238 16 5239 2 4939 48 44, 40 34 4141 ιο 3742 1⁶ 344² 52 30
11446 40 1411 16 44ξ4ο 14 7j40 59 4141. 44 4641411144 16 44
..Q-‘2⁵ ,1,2Δξζᾶλ14047 40141 41 affl fflfflffl
Ξ14441711401441Ιῖῖ4ῖᾞῖἶῖ1441 4644441444441114
Ξ ¹4³9 50 3740* ³⁸- 16,41 16 14ἶ41 14444 1 4144 444144 47

. ἓ 1540 34 44¹ ² ²¹14¹ 50 37‚4² 38 “QZ-EQ&

fiffifflffiflffffiffffiw 52 4044 41 1444 40 0
⁹42 39 1144 16 4644174444 7 144 4614

111141141144114 1«44 4444444164444 744 4144461140

224² '58 744 44 4144 41 1444 41 4446 14 1147 14 46
881444 11 444414 4644 4 474447 444644 4147 4144 ⁸

22
3153294949 02849 58 74044474144164141 ⁶53 48 45

3648 26 1549 24 2250 22 305¹ 2OE 5-2-218-4-52-3-22-5-25—4-1-22

{iffiffiff fflflffis 164144 444 41 4444 41 14
484414 750121151=1115g52101953 9 22 54 8 2655 730
1ος4146 4440 46 641 44 474144 444 444144 44 1444 44 44
4050 0 051 0.c;2 0 053 0 054 0 055 ο 0560 0

. w

114.

 

30 .

