101171.’11οτ.

141411110171011114111 1111144 4111615 .
AQQQQQQQQ

· 451 1111141011187111111111411141710111017
Ι1111111104111 10116160110110 70160

’ 1114141151141111617111714 418 0 2858 4652
n55ss‚7ff15057152w48458n37w22w.
2116 14166417166130160106510 7
,ἓ146144ψ711018011618711616055451051,
11716111344111111416011 661 91161 57 59

-ῌᾷα-α-ῃι--υῇ- *ῥυ-ψ ι ..-. Ι...

1657 41 ¹515ss 10 0191311860. 7 106016 ¹5 ⁶¹ 45 016681-ἶῖ

,ἓ170141111410110604116114110170 10 ,1
81113-12..1111.11.1961.11.111116.1161.ἔ.1161,56,1161,41, ¹

&1959 11 6160111561 1 Ζ16151146141416551516411 2
·0 2059 54 11460 45 06155 5761161565 16 5164 75064 58 7

’ 791160 17 5961 18Δ64-555 65 05665 51 16445465 5415
1-161 ὀ Ι5661-’51 5061 44 465 55 576417 11 65 18 45 66 10 ¹9
ἕῗ136154 156116 1516518 1764 1019465 1 1165 5411664614
4640 70610 00110646 00170666 10110

,Ξι1161404761114164164165114166111167 5
2⁶⁶3 ¹4 464 7 '30 65 0 5⁶⁶5„54 2266 47 49 67 41 15 68 54 41

061611041661ῡρὶςζρῄ5ρέζῤ51051ρὲίᾒι 4

“**””*

186410 5765 15 066 91167 54567 58 768 51-’4369 46 51
1964 55 5465 48 45 66 45 5667 58 16 68 55 1769 18 7701158
5065171166-11506717496815 769 8 2670 5 4550-5-9-4

--a-*a—-n—--ffl--u--a-

·υ66018“16067μ 16470610160110710 1
5166 55 4567 50 06816156911507018457115 0711115

110 71681410,0661016011μ71017μ110

- nna*— ——ae— ...ιιι-ιιι· ...ιιι-.- w ..Ι-...μ-

146740116817106114417011117111 1171161575 15 16
0680160116703140 60714110 1071011
“16656ἕ656400417710110110717100110

..η-ι--ιι--αα-ι--ια-ι-..μ--ι--ι-ι-

57691097018457117117115567514517415 7751145
06101601107101401000414746451476
190166716110116710110140710106014

4071 0 0710 075Ι 0 0574 0 075 0 076 0 0,77”0 0

 

