n ' 6400444.Ρ4400 .

.“ “ 29‘222 5²303 3537418455152
5ο 45 564 27 112 10472 54445 5758

90 44 464 44464 464444 4 444 47445 44444 46 47

’.ψη-*α-Μ-Μ--ψῇ--ω-υ

10045561315221749'3 444

254444 474444 4444
{140 47444 44474 44464 44444 44 44 46444 4444
554444 46474 46444 4444

44
ἓνέὒο 44 444 46 464 47 444 46444 6 464 44
0 180 49 411 3·92·22 29 44 4644

44444τ4* 4τῖο-ῑ4ῑ44τ444-7- 20 474-44 Γῆ ,τε
&2050 505714 41 152 54 545 22 304 45 75 5 45
(ΟΖ-410 54 644 42112 55 475 24224 45485

β -ρ--υ-Ἄ-α--ώ--κ--ο--ᾰη--ω--Ἠ
m

= ,220 44 444 44 74 44444 46 444 47444 4 446 0 46
&Mo 52 ²2¹ 44 4² 56 65 28 74 20 95⁸ 44446 4’45

, 444 44444 44444 47446 1047
260 55 26³1 46 522 40 4545 55 554 47445 20 576 --44 4
2 41433 4447444444 44466 ¹72¹,

w

¹ 290 55 444 44474 44 464 44444 46444 44446 47 44

ι’ -p-—u--n—--n-——fflb-—v--ffl———a—

'³210 444744 4“4 444 47 444 ’44 74 46444 44446 4ο 46
444 56 151 52 444 46444 44 04 44 444 47 446 44 44
, 1530 56454 55 262 50 95 46544 45 565 40196 57 2.

¹-·--·** -ια- -u--n *uu-U· *nn-—

340 ,57 444 54222, 54 555 4845

350 47444 44 444 4445444ο 474 46 474 44 466· 44 464
4444644...- 46 mama...- 44 ⁵011...- 46 4446404644
· 474 44 464 47 444 44 4744 444414 44 464 44446 464 ·
444 5444 46 74 47 444 46 ¹5¹4 ,44 444 44446 4446
,42444444 44 44 46 464 46 74 47 4455 47 446 4444

44040 040 05 0040 050 ’0

 

