’ ’5411111 Τ11111111. ·

Tabula Gnomonica„

-Qfflfflc 110 Mo 110 110 M

⁶¹„ 685 55 55415 020 1225 529 5655455751

091 171441144041418411841414711
704 441411740134110414411441716

864 5510 5415 5841 645 55 50 4454 4758 10 ¹.
874 58105616 121 925 5850 45541558 14

885 4105516 4411446 150175454
895 5104416 741 1546 45050545 5816

·9059

’3545410491554415455450405445588

10 5416 1741 4446 1150 58544158 45
, 935 1910 5516 4041 4746 1 5150 40544558 45
9455 4410 5916 4 41 5016 17550 4554 4658 17

&QQQQQQQQ

⁹95 114 11161444414611101114111847
1005 45 1 151641414846 54505854 058 40

 

