,Lnu vas. Α 59

'‘ 11 J·12 13¹

.· 1·4
,ῌᾴμ-,ζ-,ὴῆῆῖῆῆῆῆῆψ ·
18 009 0 offifflfff'ssffiu 0 0ι ,x
7 1527 44 415 56599 55595057 ’
Qzfflfflmaefflfflffl

081877111575411157505105710545 ·

. 15 517Ι 555.18 45 75 1145101015
818 1173571· 44151 41455 5145711393
⁶ 40 477 1919Γῆ18 94 55Π8-9450 59 56
14511750οῑ5 5909 0 09 45 05090 0

848187 744118 509 997995 6509694

32⁶7 79118 59 599 55 599 97555049 7
657897, 44 48 90589 569550 9575049545
¹527 411478 99 979 55 9050 9555096 59

*mm—mmmmwm—-ffl

7 667 99568 40479 58 710152'811 2·49

-a

4748 7 308 96 599 45 050 99 4955 55 90,Ι “
7 111851 11115 1145 50 5710 55 5111 15 4

57507 ²⁷¹¹²U⁶ss²9 6949 9659

------- ......,.........45.55.5.1..1.5..15.57

4919641157 81148 55949 554950 5955095 5554555
,0 206 45 07 55 5795 55599 549555 7301058 75545 45
-UWQQQQQQLQQQ

116 52 707 44 48 997719 57 5550 58 4955 50 5955 595
. 6. 96597 4111718 40 5949 95 55 50 54 5555 56 5455 856

η 7 ’0 07 817098-*4-9-999 97905090 055 559055 59 0

5 41551055 5711111Ῑ61111 54

55 94 4555 58 7

11 40 4711 54 41
55517105150114051114115

9 818910 317105:8 7115151114745
907 55908 57 4991 13 7.,50 ⁸²⁶2...) 4511 59 412 9455

ιι·- “- *ἡ* m--l ὴ

3 11 19 57495059 9655 95555 9 959, 096
327 50 011 16 159 54 9015058 4955 59 05555 5959 770 ’
387 33 488 801119 17 15Ϊ50 59 945550 9755 57 55 59 54 4

''d-''⁸¹⁸⁸''- *¹⁸⁸*— 1““1“-·“·1“-·ῠ·11-·-11-ιιιιιι--ιιιιιιι-ιιι- ...κιαι-ιι-

'm—-u h*

*μ’*

-α-ι-υ--μ--α

347 ,37 308 84 419 95 95 5059 455 56 r512 59 5659 50 97
’5. 387 41188 78 549 76 7450 94 59 55 95 9555 59 95 r3 27 1.1

——-———-—--

' . ,577414514711545511044511145 7114145154015

317 51501 51545 50571045411148 4511474515 4151·
³9⁷ 51151 55475 55 1510545111 54111155 5515 5516 ⁸

409 009 0 050 0 055 0055 0 057ᾒο ,054 0 0
’,Ἢ-Ἦ*

4 8 49 79-45 5950995555 3QQQ

 

