L1m Ρ7777707ἱ 77

41 ι57
G M SG M s
''1’36 0 057 0 058 0 039 0 040 0 047 0 047ᾒο 0
75 784576 0567645 77775 1928 7507645477957 52
00 00 ³⁷QQQQQ3Q

-nhnn-

7557507655 5777784578 7577845 029 28 75077 75

Ι 676 76 7577 70 7577 54 22'ffl QQQQ

726 43 7ἶ7-ἶ775578 77 77 78 56 45 29 41 15 30 25 4757 7079]
8²7 '0 07745 078 50 079 15 030 0 03045 ⁰3¹ 30 θ’
27165228 2 2128 47 47407 77 0770 00 47 70 4-07 70 47 40

ῐο07 774700 07 4077 7 77007 70 7470 77 7ο 40 07 2⁶32 9 22
11²7 50 5778 57 229 75 7650 9575056 755747 3932 ²9 47
122⁸ 7705054500 40 0770 2⁸ 770 07 070 07457474,

m

· 21328 0400507 004707 74 47040047077 477000 045 774

5 1428·4¹ 0750707 470 007070 4407070 707040 0777 28 7

l

’07 15⁴QQQQ⁵²QQQ
'· ἓ ῑ607 07 070 7477070707040 0770 70 077 084774 770

ἓ 17132'9 57 52 50 77 957 70 7557 55 5757 48 45 55 57 5854 27 11
0 7707 484770 78 0070 28 ⁷QQ⁵³ 57

mun—m Um·

{5330 777570 77 4770 47 7070 70 077 00 0774 00 047
007070 00 70570 07 770 74770740077 47 07477 777
n 2130 77 0070 70 087000 7477 00 7774 7

- 0 77770 70 07170 47 4770 77 0077 70 7074 00 7077 04 470

f} .
β

23531 04 7,40 5 770 77 0077 47 07 74 40 ¹5 77 77 07700 ‘

,Ξ 24ffl3² 22 5055-75--04 7505-5-0-055-57 50564

5 ·-····-···· -----ι--

5] ἷ7’70 40 7οζ70 77 7077 70477407 4777 08 47 70 00 47 77 440

· · ¹ 7444 477 77707070 70770400

22 ’
07570740οΞ77 47 077444 477 78 7470 77 47 ἒξ 2} 70 ἐξ 2} ⁴²4}
E'fflffl 07477 0707757370 70 7077-47575745...]

‚3135287'Jassusz-fi*ss-⁶13]3⁶¹52333-1'1--3387239249¹

f Ι 575547 07440 ¹535 3730363‘3453730 0382615392230

QQQQQQQQ*

4777 07 7070 07 777 00 0778 7707744040 152
7774 77 77 77 77 0770 70 70777 28 70 70 00 07 77 07 5440 21 540
7777 70077 77877 07470 7 777 74740 00040 056
38 55 76 75 56 75 7557 74 77 58 75 7659 77 5040 77 5447 70 57
4977 47 770 40 7777700078 40 47 77 40 0740 40 47 41 40 19

4036 0 037'0 058 0 039 0 040 0 041 0 047 00

Ι)7’.

 

