.L1m. 0074779. 787 ,

Tabula Qadratorum ‚ & cuborum.

410881967774797 681 467761 717899949,

419164 9614609988 689 467194 717974768

499449969847797 689 466489 998699987
694 Q 2...- §.41 494796 967989984 Q 467896 9999999994,
6677966079 ⁶45 {1-6‘6‘2-5'268336125 687976ᾗῖ7 797419197
606 767976 999747076 646

912299 ΨΜ ,6.ἶὲ 419999 21⁴5?st

, ‘ ⁶49 499999 979999449 689 474799 9979989769
680 978800 8869888000 690 799700 974697000 690 476100 328509000
611 373321228099131 ⁶51 423801175894451 698 477489 999999979
699 974944 999999998 699 425104277167808 4994719944 331373888

-1-*aaa—-n--n--u- ...ι-...ν’-

689 979769890946997 ⁶53 426409278445077 ⁶93 480249 332812557' ·
684 976996 898479944 ι694 497776 979796964 694 481676 774977784
689 978999 97806779 9699 499949 989999979 691489999 999794979
Q {7922} 8997448968696 470776 989700416 696 484416 777977776 ·

*¹⁸*- -m———ffl *ψη-ιβ,

97 989689 9748889999 1‘⁵57 499649 989999999 697 489899 9986998879
6888 938984 896089098 9696 479964 9848990719 698 487204 740068799
. 619 9888868 9979766794699 474481 9867471977 699 488607 747779099 ,
⁶²0 964400 8988983000 7666 477600 987476000 7009470000 7947000000

“Qu-*Qun* ..- ,Μ

⁶21 969698 8994690698661 476991 988804789 701 471409 744479701
622 386884240641848 662 478944 990197798 702 499804 7479484118
⁶2³ ³⁸⁸129 ²4¹⁸04367 669 499969 999494947 7998494999 9447498997
Q Q} 849779έὲ 4964 449899 999794944 7948909999 948999664
697. 790697 944140697 667 449997 994079697 70514970251350402625
,696 797876 947714776 666 447 776 997408996 706·498476.771897816
⁶27 393129 946499889 7667 444889 996749969 797 499849“999999949
(ΕΞ-6994964 [7,*767499-8- Q446224298077632 708 50¹²⁶4¹35439292
797641948878189496694477-61 m ffi¹ffl1ff⁶⁸z⁰⁰8²Q
⁶30 996900 8900470068 6704148900 700767000 710 704100 777911000
,86888989 ⁶7¹ 450241 994999799 799 999999999499499
98479766· 673, 499984 9994844488 7-97, 99-9944969944998 ’.
899696897Ϊ 673 452929 704891917 713 708769769467097
5 46408049 674 474976 7061890994 714 708796 7679947974 .
7 8969976799 67 7 499699997946879ἲ 799 9999999969999879
²57259456' 676 496976708917776 716 7996764767061696

-ν---Ἶ- σι--ι--ι--υ- «ιιι-ιιι·- ι-ιι--Ι--κ- -U- ..n-.— μ’*

⁶37 405769 ²53474353 677 478799 7109887777 717 514089‘368601813 ’
633 407044979694079 678 477684711667779 718 797794770946979
⁶³⁹ 998788 969997999 6794469949 9999946899 799 996969 979694999
640 409600 9691444000 6808469400714479000 790 798400 7779480οο

944 ,

 

