44044474. ''mc-1¹4

Ϊ484014600444004044 ,

”mm

· 048 4041 59 34 49 4644 468846 4744 4

448 4444 444494444- 5⁶9405944 6
4444444 44649 4444, 67044 ¹44 8
Afflfflzzfflfflzifflffl
’ 4434644 7484448 ζ 74

, 938 5842 4644840 844 197741 ¹544 20

1

44 49 744 4447 4Ο 4644 464144 44 44 47
1439 944 46 48 40 1843 288241 25
1-[39 ¹¹4² ²34940 ²043 808448 ²744 31

U--wm η’*

4649 4444 49 5040 4444 44184 44 4944 44
1739 ¹5 42 31 51

fflfflwmmfflffl Ψ·

4049 4444 47 444Ο 4444 494444 4644 49

44 44 894¹ 4344 44
22 44 44 44 44 46 49 4444 43'90 44 46844 44
&ww-5240] 444494 ww
· 4449 4944 4448 46 4844 46ἆῖ 44 44444 46

4744 4444 5⁰⁶1 40 affigas-<3421

mm -W

{fi 39 3742 52⁶2 40 4644448044 4444 44 ’

44744 44
' 4844 7

ιιι--Ῐ-ο-ι-

44 49 44444 47464 40 4444 49499444 7844 58
4449 4644 496640 4444 47440
’444948844 8 4448 Ι

1039 ’0 44 48 4440 1043 ²¹¹⁷⁸4¹ 4744 44 ,

44 4944 64

 

