EOMETR.'RACL

ὶ555 29 '30 31 32 33 Ι 34 35

ῐῦὗ“““““““““““““““““““““”“““““““““’”“““““““““““ ““““““ “““““““““·““·““

GMSGMWMSQQQMQGMWMJ

.— *σᾷ-*η’* n———nl--u—-n-—n

'. *129 0 050 0Ι 055 0 0550 0550 0540055 0 0
220 55 5655 557 55 47 4955 50 055 55 55 55 54555 54 56 54
υ’45057 555 59452έῦ45555 45 055 57 5954 50595455 58

-ιι-ι--ιιιιι- -ι--ιιὲ--ι-

450505755 55 45 55565555 0 055 45 75456 5555 955
521 45555 47 4955 55 5455 55 055 58 565445 5555 55 47.
5545 5655 50 05454 45458 755 4 55

721312422155623 02823 45 0242932125 54 4555856
82145 05550 05555 0540 05445 05550 05655 0
921 58 5655 44 Ι4455 59 555455 055 05855 45 5656 55 54
5555 12 11 22 58 75544 454 50 055-555656 555564749
5555 55 4755 55 5555 58 565445 055 555456 57 4957 455
55 0 055 46 555655 4557 50 57

2 5555 55 5823 40 192427 5955 55 056 55556494557 57 5.
1423 65555 54 222442 ¹1²5 30 026174927 5372753 26

2 wn209fi4ffiffud⁶wn450½n1fl7ssfflss89ss
55655 55 45 54 55 5055 55 5056 0 05648 4557 57 5058 56 55
555755 47 ²¹24 363425 25 4726'15 027 4132753 262842 39 ⁶

g 1824 05624 503725 40 595650 027 19 4128 -9-2228.59 4
ἓῆἦῦῖῖῧ”ἷᾙη54οΕῙΓἙΕῙῘῙΕἾΤΕΕἙΠῙ
0 5054 58 755 18 45 26 95557 0 057 50 5758 45 555955 55

QQQQQzR-QQQ

ἰ 5756 55756 57 555755 658 45 ¹

5856156 55457 55 55 58 5 57159 0 059 54 5550 48 45

5956 50 58157 55 1928 50 9459 15 050 95555 44555 5955
5000 μ709050000 ωο0005590056
55695μ7000459004ωο0905590055
5557 55 5558 75059 54550 0 050 56 5555 55 5055 48 45
QQQQQQQLQ
3427 3⁸ 2⁶²3 ³5 3729 3² 4930 50 055Ι 57 55 55 54 55 55 555
¹35275222849412947213045⁶³1423932401633375⁸

3M8uww31vwwnffl1w0u294nffl=m4wn
3m⁸ffiuffl4mwossffifl45w2½un444

5Μ350 5Η50
372⁸· 19 13 29 17 4930 56 5455 55 055 55 5655 55 55 54450 47
409. 0 0450 0 0 5 0055 0 055 o 054 0 0

5506·
3500

 

