(516-11114111 Ρ11161

’90 911
6111656-11-16146
1556686668766εὸ66896619666666

15945 566618 761 16 195615 156161 54 4165 165165 59 4
5661 4761 8 166151 65615 55 45 65 161465 59 45644145

*ᾐψῄμμψ

865 5 3761 48 5568 3¹ 58565 ¹5 065 53 764 41 155651411
5615186119 46511595655561564565165151666 7 2
661151965 91165 516645 57 5665 11 5466 55766 49 41

Ο m* *a*

1611114141561141161181166117 ,
86545 656456 66515 666 6 66645 66756 66815 6

964 14 5165 1619565 55 4766 41 1567 16 45 68 1111685759 ”

*unffi-t·- *Qu—*mmmm

550 5766 5654 67 11 5668 81668 541169 46191

065 44¹ 656 566717 1168 5456856 9569 5654761158

155177 776111 1167 18 768 41 0⁶9 ³¹5²⁷⁰ ¹⁸45 5⁷¹ 5³⁷

‚Um—*m —u-fl--Dssffl-—Q-gffl

367 4156751 5468 58 5469 26 1570 15 5671 656 714817

76945 5676 5149571 11 151 1115
857081867Ι 15 7578 24947L—„52 507542 Η7111187111 54⁴

..mut-..Q- una-u·—

111 11771111671411611111411147114416411
07145 171114 4575242274 ¹5 075 11771161116461
172 22 1871 14 4741 174161171171176181677114

--μ-...μ--η--ι-,ι--ι-ϋ- mnam—*W-

275 1117111117441167117181611 4771111778 1111
111411174144171164116184177114778 141781411
5711111111 11 Ο16 75077 0 Ο7711161841 0711711

ι-ι-ῄ-*υ-ι-*Μ-ι-ψψὴῇῌμ

575 ²²17555¹97648 1777411578 541579 27118020

6754111576556 577719 4578115679155686 91181 4149 ¹
77 11

871 111771611781 1111751141 Ο811111811184181
977 41 4578 565 79 51 1486 16 15 81 11 681 15 568 516 47

1579 1147957 71186 158814845 8144518546 1984 56 6
17941 1586 575681 55 458156 685161841156851845
58611 681174981145185 1115584 7 5885 44186 114

*muffl—-ss--ss-m

4816568158 78155 1985515684494185 465 8644 .
581464781 581685 56 684554585 51148619 4871645
681165785 18 4584165185 15 68615 786111588 922

mssm-mmg—--mss

78161881114811711811611861411111688111
881 40118411 22 81 18 16 86 17118116148811 11811441
18416 985 194186191587184 5881817891749 6 6 6
158 6686665876688646896659666666ν

 

