nounaeR„-naen

zwffzmoffin

’37011987Ῑ 537.

w19nvnsffznwnffl4s
Ι9719947719911791198 ¹

w3ffissnn m4w 76ffiuwu15 ‘a
2 847419 0979 0 07949 07690 07719 078 0 078 49 0 ·
ἕ mmmm fflfflfflfflffl 4⁸ 11111111
a an4wffl3wvm4wss§wsssww9flwkss2h
5 11476 94 1977 10 9778 9 17899 1679 9991801619

ῑῦ1177109778-7-93789411794119801878119 081191 . y

Ε ...κ-...- ...m-..mmmmm—

&1³37ss 7 178 94 2279 41 4380 19 4811611481 9498191 6
’ἆ14ἷ78-99 1679 41 198019 481 16 91481 4 4181919089 4019
Q 1997999918018 78116 24 2 4418191988941198410.91 ’
5¹ 83188 ᾗ 91888 18 9ἳ88 513 4889 40 198419 9189 18 45'356 13 88
8Ἴ88114884Η101ὥ48184108 708110
0 1918149 1889 99 978419 478919 9686 6 686 96 19 87 4614
3 108991918411908919 786 9 4986 94 1187 49 188 99 97
,Ξ-11841817ς89 91186 0 8186 91 94 „
22, 89 441Ῑ89 96 1986 474987 99 1188 90 9689 1190 0 0 ο
198991 68649 78799 988171189 19 19 0 000 0 0
ufflwzo ·„„—
198719 9488169189 991 0 0 ο
1688101989 9498997110 0 0
88 964989 9097 0 0 00“0 0

ΓᾸ-ω---η-ὴ---μ----“-.

190 000 00

90000

 

