8 Cubi

,7310451-

&ldtati Cubi · o.

4581681 68911
42 1764 74088

4001007

471109105815

-*μ“

- 481504110591

491401 117649
501500115000

511601151651,

101111.“1101

Tabula Qadratotum, & Ε1111011111114 ·’

· ι01111

85 7115 614115
86 7596 656056

87 7569 658505

-μῌ-ω

88 7744 681471
189001068

90 8100 719000 4

,, ..a-pae— ·..-.

13fi9ssss“-

14 ¹9⁶ 2744

15 2²5 3375 '-

..Q-Q...-

176100·
18 514 5851

30 900 27000
31 961 19791

341156 39304
ssffiffiub5
530119646Ῑ56

ἧο0001 ᾐηο04009

000001

’ εωνηωω
’ 40 1600 64000

54191615746

56 5156 175616
000000
58 5564195111
,1111111011
60 5600116000
615711116981
62 5844158518

000000

69 4761 518509
70 4900 141000
11 1115111111

000006

2 000600
·unffifflssu

555615 411875

606000

000000
000000

80 640οξ 511090 ’

1111111111 · ψ ..1.

97009001
98 9604 941191

99 9801 970199 5

’.μ-...μικ-

100 10000 1000000

101 101011050401

102 Ι10404 1061108

103 Ι10609 1091717 ’

*n-—u—-uunn—

104210816 1114864 ’

105 11015 1157615
106111561191016

1

’ . 1075111449 1115045

u-t--U--n—

108 511664 1159711
109-118811195019
11οξ111001551000
111“115111567651

ἠ u*-

1115115441404918
113 511769 1441897
1181151151510875

„nn—uum

1161154561560896 ,

117 156851601615
118 159141645051.
119 141611685159
110 144001718000

 

11996 1481544 ,

