, 18787878..07787878’“87Τ
8707777778. f

1 Ι =C ,75087878 4 · 1
0 ²} ub}- 2*- t1: Gubul
fl

Μ

..ἐμ-...ιιι-

794877778 887 776767 687797847 ζῇ 848747 7887779967·
¹ 776747688 887 777784 686888768 922 870084787777488 ⁸
843 780647777077807 887 777687 688467787 777 878787786770467
844Γ EQ 601211·584 884 Qffl⁶90307504 944 817Ὴῇ88887οῃ
’ 8347 784687 6887778887 887 787887-677874887 777 877687 778477487.
„ 846 787786 6887477776 886 784776 677706476 776 877476 7748888776 .
847 7874077607647487 887 786767 6778648887 777 877787 776777787

848 77-9-7044609800797 888 788744700777077 928 867784 799778777. ,“

...d—mm —n—ffl-nnss

’849 77084888677960049 889 790777 707797769 ’979867047 80776708 ·’
, 350 7225002514125000 890 797700 704969000 930 864900 8047770470

851 774707 6767970774 891 797887 707747977 931 866767 8969744777
87878078747788-84 0770477478. ⁹³2 8088477777
878 787607 6806788477 877 777447788888777 777 870487 8488866777 '
874 779776 677877864 894 799776 774776984 934 877776874789794
877 778087 687086777 877 808087 786787777 777 874887 8874880777

*ῆι*

876 778776 627222016 ,876 808886 787787876 7788774778 8494777877 ·

—u-u-*u-ua—ou--u-m⁸-—--u-u ‘nn-”anunn—

’ · . ἷῇ774449679477797 11897 804609'721734273 937 ‘877969822656953

878 776864 678688788 878 806404 7848788778 778· 877844887877678
877 777888 677877777 2899 808808 786778677 7774888788 887776087
860 HQ 636056000 Ι900 8808877 7790000087 9494887999 8797684999
ἷῑῐ 748788 678877788 7οἶ 888808 778478708774ἶ7887488 877877688
867 748044 4740707978 4907 877604 777870808 947,887764 87 7896888
867 744767 647777647 ,707 887407 776784787 7847887847 8787688887
8648746476 644778774 ἓ704 {¹22⁶ 738763264 848,ἕέἕὲ8848888888
§.B-{7482} 847-ἶῖζὶΞῇζῇ 879077 747777677 9478970774ῆῆ ,
866 747776 647468876 3906 877876 747677486 7467747864846797778
867 778687 678784767 ’707 888647 746848647 74778768077847878887
898 777474 677977077 ,908 874464 748677777 ε9488987041877977797

*- -Q w*— - *⁸*- ..ῳ-ι*- muna—*nim

867 777868 6768747887 2909¹826281751085429 7477006087874670747 ,
870 776900 678707000 1970 828100753571000 97059077001877777000
871 778647 660776777 911 829921756058031 951 9044084860087777

877760784667074848 912 878744778777778 777 90974887877478 -

877 768887 667778687 787 877767 768048477 7778708808867787877
874 767876 667677674 974 877796 7677779444,Ι 974 970776 8687706674 ’
877 767677- 669977877 977 877877Ῑ766060877Ι 977 912025 870987877
876 777778 672221376 786 877076 768777876 788 787776 8777888886

*ΨΜ-*φωμ- -οι-““-““’···-·· „austun-n —Quss--·

877· 767887 674786877 787γ 840887778077887 077 777848 8768467477
’ 878 770884 676876878 718 8’48784 777680678 088 787764 877887788·
877 778648 6778788747 087 844768 776878777 070 9¹9⁶81 88197‘4079‘

880 774400 6874777700 Ι9707346400 778688000 Ι960 981600 88 7760
W* “··“““···“““··“·“·“--8

 

