. εο4 ” ·400474. 4404
’ Tabula Qadtatorum& Cuborum',⁴

ἒ ΦΨ cubi · ἶ

*mm*

· 21 “519841 574805561 761579121440711081’*

722 521284576567048 762 580644 44445 50748 802 645204515849608
070444440704040400070506000007
Juzfflfflnfflfflfl⁷Q5ssfiffflffifflffl 6040000
725 525625 581078125 765 585445 447677545 805648025521660'125
705000600700060000500000006

“ 747 5185195341405 35 767538139451117665 807 65124952555 7945·

728 529984585828552 768 587844454784854 808 652864527514113

*aaa* ..- *⁸¹*— ---——- ιιι-ιιι..- ananau—n·-

00000000070040000οΓ00000040
¹730 552900589017000 770 592900 456555000 810 656500555445000
,731554561590617891 771 594441 4585445554, 811 657745555455755
7000444007000060068000000050

,700004004700446004540000000
44550000604045700000040404000044

· 050004045 54Μο00004840040005

, 7³⁶ 545676 57868845 776 02176467288576816665—8565455384965

Μ-Ι--ι-Ι--ιιι--Ι---ι-ιω--η-...η ——uu-——n

7450004007000400005400054004
450600404448000000440500404444
0000000047000040008000000059

740 547600 405224000 780 608400 4745 52000 840 674400 551568000

*¹⁸¹⁸*- —n--muq-n— -a-n—--m

*549031741406369021 781 6099614763795418 821 674041555587661
0400500060504044700080500077008

. 743 552049410172407 783 ⁶15039¹5480048687³82 3677529557441767

744 555556 411850784 784 65465 677858605041 824 678976559476224
74555 555045 413495625 787 61622, 485756625 845 68064 564555645
746 5565 516415160956 7845 617796 48558765 846 684476565557776
07000000050700080405Ὴ8700400005
748 559504 418508992 788 620944489505 87484 85685584567665554

⁸⁸⁸⁸- *um-a· -ι-ι-ι ““““-· ...un—ur·—

8749ffl561001420189749 789 622521491169069 82 7687445 567744787
750 562500 4218 75000 770 624100495059000 830 688900571787000

75Μοωηο0417060000008οΗ0000000
752 5655 04 425259008 774 627264496795088 832 876744447 5950568

-ιι--ιιι-*ηθ -fl—m--a-—u-u-

= 705 500000070084000570 550004000
75456 ⁸5¹⁶'428661064879456304365005 ⁶6184Q 34 695556 580093704
777 57004 450368875 795=565202 504459875 835697225 582182875
gffiwuwomm6798½womefflwwfflffffimws

m- Ἥβα-*-

‹ ¹ 757573049435798093 797 6554095 06465 575 77005 569586576253

’77057000000 70οω0000οξ8 870058001
wwffi0mwwmw9wo5w15wffiw9Q 90040004

7008577600458776000 800 640000 554000000 8840 8705 6005 574704000

 

