202222. 2202

¹ Τ20014ψ2624404424,8262002224,
Μ 83

’ 2- drati Cubi ἓ ti Cubi {e drati¹ Cubi

242 5808113997521 281 7896122188041 322 20304233076-262

242 5856414172488 282 7952422425768 322 20368433386248 Ῐ

243 59049 24348907 283. 80089 22663287 323 20432933698267
, 244 39336 24426784 284- 80636 22909304 324 3949763402ἓὲ
1 245 6002 24706223 284 82223 2-4Ῐ49-2Ῐ 324 20362334328224
’ 246 6051614886956 286 81796 23393636 326 206276 34643976
247 61009 15069223 287 8236923659905 327 20692934963783
248 ⁶150415252992 288 8224422882822 228 10758455287552

*a* m Γᾷ* *ut—h* *aua—-

242 62222 2 2428242 2828 2222 24222262 222 228242 22622282
250i 62400 23623 000l 290 4200 24389000 330 10890035937000
24346300223823242 291 8468124642171 332 20646236264692

26003 008 292 83264 24897088 323 220224 36494368

. 253 64009 26294277 293 83849 24 33747 7333 22088936926037

224 642 26 26282264· 224 464262 2422284 224 222226 22222224

⁶ 2555 65 025 26382374 42948 7024 3672374 44334 2222243739 3373
2 24663 3826777226 296 87626239343363 3622289637933036

ψ--ῆ--υ--ι -·--·--·--

222 66242 26274222 222 88222 26228222
298 88804 26463392

299 89401 26750899

263 69269 28292447 303 92809 27828227 343 22764940343 607
264 62626 28222243 304 22426 28224464 244 22822642222284

-ψ--ι--η-ι- ——lua-——u—-nm-fl——fi--n—-nn—

268 72824 29248832 308 94864 29228222 348 12110442144592

-ι--ι--ιι-ι---“““ -ss--uq—-tu-——uffl—-n

’ - 272 2228422222648 222 2224422222228 22 22222442624228

———-—————--—-. auu—auum·— Ὴ--ι-ι--ι-ι-

. Η74649 45499295
7728423484942 328 202224 32237432 348 128164845882712

’ 27977842 22727639 329 20276232462749 359 12888146268279

28078400 22932000 320 202400 32768000 360 12960046656000·

Ι

 

