121 146411771461
122 148841814848
11314119 1860867
11414476 1906614

*ἠ*-

114· 146141944114
116 14876 1000476
117161191048484

4 11916641 1146689
· 130169001197000

· 88]-176891441637 ,

134 179461406104
134181141460474

’ ,1119411116

’ 137187692571353
188 190441618017
139194111684619
140 19600 1744000

“ua-*uu-

. 141 198811804111
142 101641864188
143 114491914117
145 11014 4048614
14⁶ 114164111146
147 11609 4176414
Q 119044141791

-ιμ-Ι-ιιι-

149 11101 3307949 1

150 11400 4474000

151 11801 4441941 ’

152 14104 4411808

*και-ιο*-

153 11419 9111177
154 14716 4641164
15 5 141119711171

· 111 14964 9944111
14914181 4019679
160- 14600 4096000

’¹-

- Lxm 0011111.

Tabula

Qad'ratorum,& Cuborum„
ω ¹

203 41109 8464417
204 41616 Q

164 16169 4911747
164 16896 4410944

-Q—-nn-l*

169184614816809 -

170 1890084914000

171 19141 4000111

171 19484 4088448

173299295177717' 213
1744117611161114 11441796 9111944

179 41041 5735339¹ Ι
Q 41400 4841000 . ,310

*wa—¹·-

18114176144919741111 y
1-818441146018468 111
183 44489 6118487
1111616ἶὲ091

’111 4Ῑῖ11ξ6191611

18⁶ 1406664116

187 4496946449104

194 97616 7111914
1⁹5 119117414171

· 19⁸ 1911477611911

199 596'01' 7880599'

239 47111414641919
100 ’40000 8000000

8811

 

140 4760014814000 ,

