L113111 00444479. · '383

Tabula Qadratomm,&Cubot'un12
716 Qd¹²

Ι Cubi

84766444 1

362 131044 47437918 404 161604 64964808 444 494464 Ι86440888
369 3¹31763'47832137 403 Ι64469 69 96847 449 496449 86938367
46444449648448444- 404 16321665959264 444 1971367 74484848
365 444444 48647444 40516402566436‘1'2‘544'5' ἧ8ἶ3ἷ4 88121125 ¹.
466 44494 56549027896 406 164836669234165 446 498946 88746446 ’
967 434689149436863 467 1⁶5643674131455 447 499869 89344649 ,4
368 135 444 Ι-49846044 408 16646467917312 448 400704 89915392

-u--L—i-——nn—ma- -ῄῇ-Ι-ι-’.ι-ι ..gnua—‘-

369 136161! 50243409 409 16728168417929 4495201601 90518849
370 446900 40644000 410 468400 68944000 4 505202500 94444000
371 1376415 1064811 411 468944 69446 44 451 203401 91733851 ’
374 43838434478848 12 Ι69744 69934948 494 Ι464 364 94949468

*mauu—*- *mm—mma*

37313312551835117 4¹³ ¹705 6976444997 5453 20 5209 3255 9677
974 439876 94943644 414 ¹71336 7699 7944 494 466446 999 76664
979 446649 4794979 48947444974479379 499 46764 94496379
976 141376 93497976 41⁶ 17305 674994496 496Ι 467996 948 88846

-ffl-—n-nn—-u— *ffl———u— ...ι-4 ...ιιι-..ηαν-

377 444449 93984699 417 ι79889749 447434 97468849 99449993
478 444884 44040444 418 17472473034632 448 20955'64 96071912
979 443644 94499999 419 1755 961 799 66699 45⁹ 446684 967 64 979
4801444400 44874000 420 476400 74088000 460 211600 97446000

-σ--ι-υιυιι--ι- '‘nh-*m*- ..- ι-ι--ιΙ--νιὺ--κι-ιιι-Ι-

381 14516155306341 42117724174618461 4615212521 97972181
31214552455742368 32217808375151348 464 443444 38611128
383 Ι4668996484887 423 ¹7832375 686967 463 444369 9949 48 47 ·
⁹⁶5- 99897344
385 14822557066625 425 180625 7676562 465 21622 100 44625
386 148996 57 55124 565426 18147677308776 466 217156101194696 1
387 Ι49769 97966663 427 Ι84949778 94489 467 448689 4648479 63
388 15054458411072 428 48498 784047 468 449044 404 50323—-ae-2·

{6915132158863869 429 18404178953 589 469219961103161709
390 15210059319000 430 184900 79 07000 470 4409004048448 00
391 15288159776471 431 18 5761 80062991 471 311841104487111 ⁴
5393 13664 60236288 432 186624'80621668 472 222784 10515 4048 ’ ’·

¹ *’--ὼ-ἠ--ι--ιι- -ι-ιι--ι--ι-ι-ι-ι-

44 139874891184484747 474 3223729105823817 1

*nm-*u*-

9994944494666918497448
59451533661162984 434 ’418844 61847464 04¹ 474 224676 106496424 .
59515 6044Ι64649874 54 ,5 18922 ’84444874 475 22 62 107171875
396 156816562099136 543⁶ 19009658288185 6 476 226576 107850176

-ηι-ικ-υ-’.ι-μι-φ-Σ- aud-*mm

397 497669 64976779 437496969834919499 477 2275 29 468934939

· 3555 158404 63044792 438 191844'84027672i 478 448484 40944444 1
399 15920163521199 439 49474141 ’846044 5195 479 449444 1099022'39
400 160000¹ 64000000 5440 1936005851840005 480 440400 920005105

Rbbz

 

