36 Gema-rx
n„ -7—. ⁸ —59— ,⁶0
„GMSGMSGMSGMS
—157 0 0158 ο Γ4559 ο 0260 0 0
24⁰ 44140 46 5²41 ²9 4¹4² 11 ¹5

⁵4² 5911
ῑῑῆῑ-γῖιῑτῑῑιτῖω-ηο

54¹ ²4 5142 8 ²⁶4² 52 ²¹43¹35 37

⁶41 11 544155 5741 19 4144 545

741 18 1745- 1 4945 -47 1144 51 51
Β41-4Ϊ 43 ³0 044154 045 ο 0
941 114545 57 114Δ15945Ῑ18ὴ7-
ἧ45 58 1644 14 11451Ο 1945
ιι44 5 944 51 5445 57 5846
1-1-4451514518 4546 5 5746
Ζ 13 44 58 5645 45 5646 55 17’47 ²0 57
14 45 ²5 1946 15 747 0 5547 48 45
64⁰ ¹947 28 3648 16 5²
4845 0
’4149 15 7
ᾠζ ¹5
5ο 9 ιι
50 57 5ο
51 5-57
515545
5²· ¹5²
5² ιο 0
5158 7
53 26 ¹5
53 54 11
54 22 ΞΟ
54 50 57
5518 45
55 46 51
56 ¹5 ο
56 43 7
57 1115

5
ι
0

 
 

'1—94—7‘58—54W49 ¹9 15
2048 5 5748 56 1549 4651

 

ι-ε5159-11,5155455518 7
1951 6 655 05655 55 47
Ε5151ι4955 18 754 1516
51511595155551954 51 6
325⁵ 56 1554 11 505518 45
³35³ 515854 49 4155 46 14
5-454194155165156 14 4
3554 46 1455 44 456 41 4557 59 11
565515 756 11 ¹557 9 1158 7 5ο
ἧςς 39 515658 1657 57 158 55 57

 

. PRAer.

{61
GMS

62 ⁶3*
G M se M s
6100620063 00
4² 5⁵ “1⁴³ 55 5744 17 49
12—22 ²344 4 4144 47 ιι
43 50 37 44 35 45 45 16 5²-
44 ¹9 1545 14945 46 14
44 47 49 45 ³¹ss²4⁶ ¹5 56
4516 1446 0 5⁶46 45 ιε
45 45 04⁶ 3⁰ 0
46 ¹3 3646 59 4
46 42 11 47 28 7
47 ¹0 4747 57 11
47 3² ιι 48 26 ¹5
48 7 5848 55 19
·48 56 5449 14 11
29-‚5 9-49 55 16
49 55 45 50 11 30
50 2 ''¹15‘' 5¹ 34
50 30 56251 ιο 37
50 5932451 49 41
51 28 75² 18 45
ζῶ 45Ξ51 47 49
5² ²5 19253 16 52
ἰ5155 54,55 45 56
5511515554 15 0
,53 5¹ 54 44 4
’54 19 4155 15 7
554148 17ι55 41 11
’515 16 5²i5⁶ 11 ¹5
55 45 28556 40 19
56 14 457 9 11
56 41 ³957'38 26
57 11-1558 7 5ο
§.L—³⁹ 5158 56 54

 

 

 

 

 

 

47“ 15 ο
47 222:
48 14
48 45 561
49 15 7,
’59 41 59
5⁰ 12 11
50 41 45
5¹ 11 15
5¹ 40 47

 

 

52 10 19

51 59 5¹
5³* 9 ²²1
55 58 54
54 8 26
54 57 58
25-7—30
55 57 2

5⁶ 654
56—36 6

57 557
57 55 9
585 441
58 54 15
59 345
59 33-17
58 8 1659 53760 ²49
58 57 ²:5⁹ 54 4160 μ 21
59 §3760 34561 ¹5²
59 54 1566 51 496151 ²4
60 ²49⁶¹ 15262 056
60 31 ²461Jo 5⁶⁶² 30 28

 

 

 

6¹0062⁰063oo

385⁵ 9 ³457 5³75⁸ 44159 3'45
³9 56 33¹¹? 57 3² 49 58 3² ²¹59 3¹ μ ι
[4057 ο 05⁸ 0 059 o οσο-ῠ-Ξ-ᾑᾞ

4 ι

